2305708
2334155
2302953
2307323
2333622
2306237
2301583
2302430
2333981
2306232
2334555
2310905
2310904
2312005
2312251
2308409
2310471
2304720
2306867
2303635
2310479
2305130
2304167
2311287
2313620
2298825
2314241
2315211
2305328
2302853
2302333
2304754
2308439
2300558
2304758
2298831
2312747
2306257
2309127
2310045
2313712
2305714
2301599
2305832
2307335
2307579
2309112
2299254
2308543
2307971
2299936
2313011
2301026
2301149
2305221
2298730
2332699
2302475
2306790
2314589
2313018
2310823
2312966
2312052
2314597
2333096
2300048
2315281
2307357
2312858
2310158
2304243
2334905
2332729
2299319
2311249
2300519
2314564
2313595
2307705
2301206
2303625
2308876
2312706
2300593
2334697
2309441
2314205
2311576
2302926
2301715
2304304
2303731
2309319
2314292
2306721
2310499
2299333
2310013
2309672
2315149